21111111111111111111112
10000000000000000000001
10000000000000000000001
10000000000100000000001
10001111000100011110001
10001000000100000010001
10001000000100000010001
10001000000100000010001
10000000000100000000001
10000000000100000000001
10000000000100000000001
10011111111211111111001
10000000000100000000001
10000000000100000000001
10000000000100000000001
10001000000100000010001
10001000000100000010001
10001000000100000010001
10001111000100011110001
10000000000100000000001
10000000000000000000001
10000000000000000000001
21111111111111111111112